643.41 1485.78 1
671.13 1461.11 1
656.45 1494.93 1
662.34 1452.53 1
631.9 1489.32 1
677.1 1497.05 1
692.1 1472.75 1
618.2 1481.92 1
699.95 1477.92 1
695.28 1495.02 1
674.49 1514.25 1
700.24 1456.73 1
637.6 1428 1
704 1484.61 1
653.87 1423.12 1
677.6 1427.16 1
710.71 1475.45 1
711.11 1465.73 1
712.18 1476.52 1
696.49 1432.92 1
651.69 1415.82 1
662.79 1531.2 1
601.89 1446.88 1
612.99 1430.34 1
661.25 1535.6 1
715.84 1449.84 1
662.03 1538.27 1
596.9 1501.2 1
719.4 1490.23 1
590.6 1456.81 1
640.79 1539.78 1
712.87 1432.95 1
622.63 1411.7 1
711.31 1517.79 1
677.04 1542.94 1
706.04 1419.04 1
704.16 1531.34 1
724.96 1506.49 1
713.38 1422.43 1
699.08 1407.2 1
578.02 1490.97 1
574.75 1478.54 1
683.8 1550 1
594.23 1417.55 1
582.21 1514.97 1
720.52 1417.98 1
612.11 1400.42 1
613.99 1398.81 1
685.29 1392.32 1
732.65 1514.25 1
742.06 1494.45 1
676.65 1386.34 1
723.13 1532.58 1
733.07 1423.03 1
563.03 1475.94 1
691.83 1560.12 1
725.13 1404.15 1
616.03 1562.9 1
743.02 1426.31 1
751.93 1498.52 1
706.86 1387.46 1
724.3 1398.39 1
631.36 1572.42 1
757.79 1463.55 1
724.21 1397.15 1
726.62 1547.64 1
643.26 1370.57 1
713.12 1561.34 1
724 1553.32 1
754.73 1509.55 1
615.7 1570.69 1
758.5 1448.41 1
740.68 1409.55 1
576.62 1402.28 1
550.07 1456.97 1
642.2 1366.63 1
763.19 1485.48 1
648.79 1365.1 1
703.94 1373.66 1
765.29 1501.84 1
605.85 1574.7 1
645.86 1586.19 1
756.94 1418.77 1
696.61 1365.18 1
540.49 1454.21 1
729.14 1379.69 1
537.8 1497.49 1
680.63 1592.02 1
646.87 1594.9 1
682.13 1593.07 1
755.48 1545.6 1
625.2 1592.72 1
553.86 1543.38 1
554.09 1544.72 1
695.04 1591.56 1
609.29 1589.91 1
554.18 1547.57 1
752.5 1554.63 1
741.85 1380.04 1
745.19 1563.7 1
714.74 1586.02 1
556.51 1552.81 1
767.83 1410.62 1
695.35 1350.17 1
593.43 1359.57 1
599.7 1590.67 1
585.13 1583.86 1
770.01 1408.3 1
643.11 1604.51 1
782.87 1429.95 1
737.06 1580.58 1
790.24 1489.43 1
668.09 1608.11 1
743.36 1369.8 1
679.66 1339.89 1
758.97 1384.22 1
742.91 1368.11 1
767.21 1554.7 1
753.89 1571.79 1
630.04 1610.03 1
727.78 1353.5 1
615.27 1338.83 1
764.8 1382.06 1
599.67 1603.85 1
787.1 1531.38 1
739.62 1591.32 1
773.96 1387.93 1
613.76 1333.67 1
689.64 1615.96 1
601.42 1337.27 1
797.09 1432.65 1
718.42 1340.22 1
669.08 1326.88 1
781.19 1395.63 1
765.32 1572.35 1
545.09 1571.07 1
781.4 1392.97 1
507.1 1479.28 1
518.56 1532.03 1
765.44 1371.19 1
771.58 1376.99 1
757.41 1586.03 1
684.67 1623 1
517.04 1408.24 1
795.15 1407.82 1
722.51 1334.49 1
771.25 1371.17 1
559.07 1593.62 1
680.68 1320.62 1
794.58 1542.51 1
796.44 1407.97 1
794.88 1404.33 1
775.66 1370.36 1
792.17 1392.18 1
499.89 1445.17 1
692.49 1628.27 1
779.92 1372.16 1
541.18 1585.12 1
707.58 1321.39 1
754.62 1600.26 1
739.08 1335.43 1
632.18 1313.73 1
553.51 1599.61 1
805.72 1409.92 1
737.12 1614.85 1
725.05 1324.82 1
817.99 1504.02 1
612.69 1632.88 1
796.93 1385.88 1
796.64 1561.88 1
708.14 1313.54 1
521.68 1371.05 1
780.29 1588.16 1
493.54 1521.74 1
738.09 1622.48 1
485.7 1483.42 1
737.63 1323.45 1
486.78 1497.3 1
754.98 1613.04 1
654.13 1301.78 1
809 1395.65 1
809.94 1396.72 1
748.06 1618.87 1
776.58 1350.43 1
790.97 1365.94 1
686.92 1302.86 1
753.76 1330.04 1
800.06 1374.68 1
770.94 1341.59 1
812.72 1395.52 1
831.8 1456.78 1
479.2 1479.89 1
702.24 1302.13 1
549.68 1329.11 1
562.58 1626.41 1
806.67 1573.72 1
744.78 1315.6 1
791 1352.73 1
777.8 1339.04 1
818.76 1555.85 1
287.89 2222.48 2
289.64 2218.11 2
283.65 2225.09 2
292.77 2216.31 2
285.91 2233.87 2
271.42 2218.95 2
295.59 2234.58 2
284.29 2238.05 2
299.96 2234.6 2
286.94 2239.87 2
267.08 2223.13 2
291.09 2240.02 2
308.3 2222.08 2
284.84 2197.71 2
263 2223.9 2
310.27 2206.66 2
260.16 2210.67 2
311 2204.95 2
279.25 2248.19 2
276.61 2192.84 2
309.11 2200.49 2
262.21 2239.1 2
314.48 2200.61 2
252.11 2223.79 2
260.78 2196.94 2
256.3 2237.68 2
273.42 2187.72 2
250.41 2221.69 2
251.53 2210.28 2
257.93 2196.53 2
283.84 2257.93 2
309.75 2190.18 2
319.69 2238.87 2
253.51 2201.33 2
323.3 2207.38 2
278.56 2258.28 2
293.07 2181.8 2
248.08 2225.46 2
298.14 2182.5 2
272.45 2257.54 2
309.15 2254.48 2
247.44 2232.13 2
327.66 2226.98 2
299.28 2179.78 2
276.33 2261.94 2
330.23 2220.05 2
269.01 2260.16 2
296.48 2177.03 2
300.71 2262.43 2
244.43 2235.71 2
248.18 2243.53 2
239.87 2218.69 2
240.99 2207.6 2
263.68 2263.48 2
335.12 2212.39 2
320 2256.94 2
297.61 2269.12 2
239.74 2238.16 2
258.09 2262.02 2
244.87 2249.9 2
248.35 2183.49 2
330.35 2186.05 2
282.71 2276.03 2
259.41 2270.79 2
233.62 2196.49 2
245.79 2178.35 2
288.14 2280.17 2
303.07 2278.23 2
344.56 2237.96 2
338 2253.36 2
300.42 2160.36 2
348.07 2226.93 2
224.85 2212.82 2
312.75 2277.76 2
248.07 2170.19 2
240.04 2263.39 2
274.76 2283.61 2
220.8 2216.06 2
346.25 2190.52 2
256.09 2279.9 2
265.74 2156.25 2
317.41 2159.83 2
218.83 2215.04 2
269.2 2286.48 2
277.51 2151.78 2
314.27 2154.67 2
216.2 2202.5 2
282.05 2147.56 2
329.49 2160.22 2
214.39 2203.54 2
233.02 2271.49 2
217.04 2192.95 2
250.34 2154.38 2
266.91 2147.56 2
218.83 2253.49 2
238.35 2161.01 2
341.12 2276.13 2
320.58 2290.57 2
211.3 2241.12 2
266.87 2144.11 2
262.91 2296.13 2
366.51 2227.94 2
294.66 2139.95 2
208.69 2198.21 2
308.53 2299.03 2
292.35 2138.67 2
210.63 2188.68 2
239.7 2288.2 2
365.97 2244.38 2
280.36 2137.62 2
352.87 2169.46 2
234.99 2154.45 2
236.82 2287.75 2
203.83 2203.22 2
297.97 2304.1 2
206.89 2191.46 2
263.18 2138.71 2
232.27 2285.52 2
219.63 2166.95 2
256.87 2301.47 2
324.99 2298.06 2
260.93 2303.78 2
216.01 2271.81 2
277.15 2132.41 2
299.59 2308.4 2
209.05 2264.15 2
216.91 2164.2 2
284.76 2130.5 2
250.58 2137.39 2
321.04 2136.04 2
214.38 2164.52 2
353.94 2282.78 2
260.31 2131.07 2
245.92 2136.06 2
248.93 2305.94 2
256.83 2130.65 2
344.15 2144.04 2
256.74 2129.6 2
280.51 2317.73 2
255.59 2313.5 2
384.29 2206.99 2
352.12 2297.13 2
272.96 2119.79 2
382.66 2253.4 2
242.51 2127.18 2
363.54 2289.79 2
303.64 2324.73 2
300.44 2329.65 2
211.38 2139.5 2
288.37 2108.92 2
245.97 2116.36 2
279.88 2331.95 2
284.04 2333.63 2
318.94 2111.05 2
260.72 2331.81 2
252.14 2330.5 2
373.17 2298.96 2
238.85 2112.67 2
337.79 2114.05 2
268.5 2103.7 2
285.71 2339.49 2
356.38 2123.18 2
265.34 2338.21 2
344.14 2326.06 2
290.5 2096.92 2
358.79 2119.67 2
381.89 2140.46 2
270.95 2344.37 2
272.89 2093.97 2
255.53 2096.98 2
283.74 2348.31 2
267.67 2091.28 2
324.84 2345.83 2
286.22 2352.7 2
287.06 2083.93 2
253.46 2354.89 2
274.96 2359.27 2
315.58 2356.79 2
302.6 2359.41 2
302.43 2079.48 2
237.28 2087.43 2
367.38 2336.8 2
256.47 2081.47 2
296.02 2078.04 2
319.22 2359.06 2
312.24 2077.13 2
241.63 2081.09 2
313.31 2364.19 2
288.95 2366.7 2
259.27 2073.17 2
355.44 2086.66 2
252.22 2073.48 2
271.85 2372.82 2
301.24 2373.17 2
302.54 2067.32 2
283.95 2374.07 2
337.44 2367.95 2
368.21 2354.14 2
225.32 2075.55 2
274.69 2377.06 2
371.18 1602.96 3
357.52 1601.73 3
371.15 1614.98 3
356.41 1598.88 3
358.32 1596.5 3
376.81 1601.8 3
377.88 1611.17 3
369.48 1619.78 3
371.75 1594.93 3
361.78 1591.51 3
349.44 1607.61 3
355.47 1619.5 3
359.73 1622.68 3
350.5 1598.54 3
363.28 1624.21 3
353.34 1624.11 3
343.9 1611.03 3
360.79 1628.32 3
343.73 1618.78 3
344.31 1594 3
372.39 1630.51 3
344.84 1621.35 3
373.16 1581.86 3
338.57 1601.18 3
338.79 1616.27 3
391.34 1619.64 3
391.57 1619.79 3
352.4 1634.53 3
333.24 1610.56 3
369.49 1574.85 3
338.72 1626.08 3
398.18 1608.68 3
386.09 1633.26 3
353.66 1573.91 3
346.17 1577.44 3
336.19 1585.22 3
328.66 1600.71 3
392.52 1632.75 3
338.86 1634.45 3
383.64 1640.65 3
340.77 1576.85 3
333.43 1584.25 3
325.49 1606.85 3
398.41 1628.79 3
340.43 1639.02 3
398.73 1582.72 3
395.93 1634.56 3
364.24 1649.74 3
400.03 1631.96 3
363.97 1649.84 3
360.19 1563.97 3
352.12 1648.67 3
400.23 1633.58 3
338.06 1642.35 3
320.43 1609.78 3
329.89 1578.67 3
405.05 1585.11 3
353.29 1650.8 3
408.45 1592.6 3
361.16 1652.37 3
325.97 1630.43 3
362.14 1652.67 3
398.17 1639.79 3
409.92 1593.21 3
354.19 1561.2 3
382.66 1651.24 3
328.37 1637.15 3
365.67 1558.83 3
413.5 1603.76 3
326.31 1636.16 3
316.91 1600.75 3
349.13 1560.67 3
374.98 1655.46 3
415.71 1604.73 3
326.62 1573.98 3
391.34 1563.25 3
322.93 1636.35 3
366.19 1658.6 3
416.8 1611.3 3
330.58 1567.36 3
354.74 1659.23 3
312.14 1614.69 3
413.9 1584.22 3
311.26 1602.33 3
330.54 1648.6 3
312.38 1594.2 3
351.4 1554.23 3
386.6 1556.38 3
333.01 1652.27 3
368.73 1662.63 3
333.87 1655.69 3
345.67 1551.57 3
346.02 1662.95 3
335.26 1658.09 3
345.54 1550.52 3
422.03 1626.91 3
305.12 1610.6 3
313.38 1575.3 3
340.48 1551.39 3
312.57 1639.34 3
425.36 1591.25 3
369.63 1670.21 3
355.89 1543.52 3
363.41 1671.05 3
301.45 1599.62 3
343.28 1668.11 3
340.47 1667.52 3
429.86 1619.37 3
312.1 1567.57 3
404.28 1660.48 3
298.81 1605.67 3
298.35 1608.19 3
341.25 1669.58 3
316.28 1560.8 3
378.7 1673.39 3
297.59 1612.85 3
388.43 1543.03 3
328.08 1549.93 3
345.39 1671.95 3
330.65 1548.28 3
324.79 1662.4 3
382.98 1673.36 3
393.92 1544.16 3
416.51 1557.58 3
316.87 1659.21 3
418.47 1558.9 3
348.21 1537.18 3
394.55 1541.33 3
371.35 1534.5 3
296.22 1630.85 3
340.73 1675.8 3
316.74 1552.13 3
377.08 1680.03 3
293.36 1588.36 3
313.77 1660.53 3
306.21 1561.14 3
322.09 1545.14 3
295.55 1578.19 3
324.18 1543.64 3
344.48 1533.27 3
291.97 1583.92 3
316.75 1668.32 3
361.87 1685.14 3
416.59 1666.04 3
325.13 1538.89 3
311.54 1548.77 3
420.94 1663.26 3
285.97 1614.1 3
310 1548.87 3
286.82 1588.63 3
326.1 1536.33 3
337.83 1530.91 3
391.85 1530.09 3
385.87 1527.19 3
439.74 1642.54 3
362.09 1524.25 3
281.7 1613.72 3
346.38 1688.82 3
381.21 1523.95 3
449.59 1601.8 3
383.09 1524.19 3
324.72 1681.74 3
394.14 1526.6 3
320.88 1533.74 3
294.53 1655.12 3
449.61 1622.45 3
379.66 1522.25 3
402.2 1529.09 3
315.37 1535.91 3
347.15 1691.82 3
448.88 1631.28 3
328.67 1527.37 3
425.46 1671.81 3
300.68 1667.69 3
361.04 1517.66 3
294.46 1552.03 3
451.44 1633.94 3
304.38 1674.5 3
278.05 1578.49 3
372.03 1698.62 3
417.97 1531.16 3
279.88 1644.32 3
312.82 1684.28 3
350.69 1514.36 3
419.42 1529.41 3
339.66 1698.28 3
458.84 1624.35 3
330.9 1695.86 3
299.07 1537.65 3
428.38 1678.92 3
290.86 1667.72 3
329.33 1696.22 3
341.35 1513.16 3
419.69 1526.27 3
342.13 1701.88 3
278.86 1560.45 3
363.84 1508.81 3
373.3 1508.91 3
404.62 1697.11 3
266.43 1617.17 3
458.2 2043.52 4
454.85 2055.08 4
465.33 2052.91 4
443.06 2059.92 4
441.8 2026.62 4
454.22 2065.58 4
430.45 2039.17 4
445.61 2021.64 4
435.67 2059.7 4
473.64 2029.65 4
429.57 2030.73 4
465.33 2018.99 4
422.25 2047.45 4
465.16 2015.49 4
421.37 2044.4 4
467.55 2073.19 4
486.67 2027.01 4
491.13 2045.74 4
424.29 2014.42 4
447.37 2084.5 4
491.96 2056.75 4
453.62 2086.3 4
486.23 2015.85 4
435.13 2083.66 4
441.74 2000.03 4
481.09 2078.11 4
497.98 2044.74 4
414.24 2018.86 4
407.04 2040.54 4
407.21 2037.02 4
444.27 1998 4
483.05 2006.04 4
493.94 2017.96 4
403.37 2048.52 4
422.76 2003.93 4
406.44 2061.78 4
413.64 2012.48 4
402.6 2041.5 4
497.06 2067.97 4
408.12 2070.98 4
401.24 2029.15 4
440.97 2097.03 4
396.95 2044.1 4
410.58 2005.23 4
398.66 2020.39 4
464.59 2101.09 4
407.7 2004.95 4
501.21 2009.33 4
492.66 2087.9 4
415.04 2091.66 4
469.75 2102.47 4
407.72 2000.87 4
420.6 2096.53 4
404.25 2001.72 4
406.24 1999.13 4
438.7 1980.4 4
513.35 2066.33 4
388.58 2031.68 4
388.16 2028.74 4
435.09 2107.41 4
394.06 2011.18 4
434.81 2109.19 4
463.13 1976.2 4
467.93 2110.8 4
498.26 1990.96 4
381.06 2043.62 4
520.8 2020.95 4
494.35 1984.91 4
456.67 2116.25 4
404.45 2099.57 4
390.16 2001.42 4
376.84 2024.83 4
527.98 2023.12 4
444.57 2122.7 4
494.01 1973.35 4
382.79 2085.98 4
409.08 1971.7 4
379.74 2085.89 4
369.12 2057.03 4
452.38 2128.12 4
382.62 1995.5 4
456.43 1958.67 4
529.31 2080.23 4
523.39 2091.22 4
515.97 2100.92 4
431.83 2126.68 4
428.22 1960.63 4
491.6 1966.25 4
365.65 2047.82 4
523.21 1992.75 4
407.05 2117.9 4
539.14 2058.25 4
389.3 1980.89 4
536.91 2073.01 4
441.05 1954.83 4
371.03 2082.93 4
362.44 2028.39 4
401.02 2119.56 4
415.53 2128.11 4
426 1954.33 4
413.39 1959.02 4
540.65 2012.71 4
395.75 2118.54 4
360.98 2065.98 4
487.34 1955.49 4
545.66 2026.36 4
358.67 2024.98 4
355.71 2044.46 4
463.79 2140.42 4
359.17 2011.11 4
410.05 2133.58 4
553.11 2044.98 4
500.84 1953.59 4
358.25 2003.31 4
372.9 1977.56 4
362.11 2097.64 4
456.47 2148.92 4
348.18 2026.03 4
496.18 2140.06 4
478.8 2146.34 4
553.27 2077.44 4
475.05 1939.01 4
559.78 2045.12 4
488.44 2144.72 4
502.16 1947.85 4
431.18 1937.29 4
429.84 2149.68 4
534.21 1971.12 4
532.85 2117.77 4
560.04 2021.68 4
501.13 1945.1 4
382.82 2129.39 4
528.75 1962.98 4
381.96 1956.31 4
530.63 1960.3 4
467.47 2157.15 4
480.17 2155.08 4
480.97 1932 4
478.73 1931.4 4
566.58 2023.97 4
561.53 2083.33 4
423.35 2156.06 4
336.19 2050.07 4
527.33 2133.55 4
479.24 2158.3 4
472.1 2159.81 4
342.95 1996.6 4
537.81 2127 4
392.22 2147.44 4
569.42 2014.02 4
449.6 2165.88 4
416.86 1925.82 4
356.86 2121.39 4
411.83 1926.85 4
531.33 1946.6 4
387.68 2150.5 4
532.9 2140.47 4
354.31 2122.39 4
571.35 2085.97 4
523.28 2148.1 4
374.73 2143.64 4
557.48 1970.74 4
388.57 2155.51 4
376.42 2149.42 4
394.51 1926.34 4
500.9 2165.89 4
324.05 2013.04 4
549.39 1953.18 4
567.19 2110.6 4
424.3 2176.06 4
564.74 1967.03 4
524.32 1928.05 4
360.36 2143.92 4
483.29 2177.63 4
455.9 1905.11 4
575.14 2107.97 4
441.79 2182.66 4
535.05 2157.19 4
336.07 2122.87 4
439.15 2184.45 4
476.47 2183.1 4
349.8 2143.27 4
594.74 2062.59 4
576.33 2117.31 4
585.49 2100.34 4
394.52 1910.71 4
313.42 2002.69 4
489.09 2185.68 4
583.25 2110.51 4
557.75 1939.42 4
579.18 2121.93 4
452.61 2192.51 4
314.31 1987.44 4
543.84 1925.3 4
602.02 2045.51 4
504 1901.85 4
353.44 1927.77 4
338.6 2145.83 4
334.03 2141.14 4
479.14 2195.94 4
456.23 933.64 5
444.48 949.09 5
476.18 946.96 5
477.88 959.13 5
454.14 918.43 5
457.87 916.07 5
468.3 970.45 5
454.9 914.32 5
445.59 915.79 5
435.16 919.91 5
453.63 909.82 5
441.83 974.16 5
425.69 931.77 5
478.89 972.94 5
425.14 925.42 5
420.93 936.14 5
428.91 917.79 5
421.16 929.22 5
462.54 985.07 5
460.6 987.66 5
503.95 951.85 5
478.2 985.66 5
504.53 953.69 5
445.83 897.94 5
496.88 913.66 5
509.72 939.87 5
411.71 924.07 5
484.97 899.17 5
410.87 962.48 5
511.53 955.78 5
512.59 929.61 5
438.05 891.84 5
481.74 995.31 5
438.92 890.36 5
516.03 934.95 5
420.37 900.04 5
517.52 937.55 5
474.53 1000.85 5
459.29 883.71 5
421.96 895.97 5
511.38 973.47 5
407.68 975.28 5
498.23 990.58 5
413.23 901.52 5
464.69 1005.55 5
421.46 893.72 5
497.42 994.1 5
404.37 976.58 5
521.3 928.43 5
521.99 958.11 5
519.85 918.22 5
515.5 909.54 5
404.17 906.72 5
450.94 1010.63 5
452.75 1010.95 5
420.64 886.35 5
438.08 877.85 5
391.41 957.4 5
424.08 881.22 5
429.17 878.25 5
417.94 1002.74 5
478.21 873.94 5
514.16 896.93 5
499.12 882.79 5
404.88 993.31 5
500.19 1004.97 5
524.54 978.72 5
532.97 934.4 5
392.59 907.81 5
477.86 1016.99 5
475.77 869.51 5
427.22 873.87 5
462.72 866.81 5
517.7 893.02 5
394.58 900.11 5
472.86 1020.87 5
451.82 864.99 5
538.26 948.86 5
488.16 869.67 5
538.23 937.77 5
429.01 1017.21 5
399.3 996.49 5
461.61 863.64 5
513.26 883.54 5
540.76 952.55 5
468.88 1025.6 5
485.33 865.07 5
533.91 905.03 5
528.75 992.39 5
495.85 865.74 5
373.25 934.09 5
492.07 863.55 5
460.9 856.84 5
520.71 881.04 5
503.54 867.06 5
493.07 1025.64 5
468.34 855.17 5
505.19 867.37 5
525.98 884.06 5
520.94 1008.31 5
532.43 890.31 5
396.63 1011.35 5
549.56 963.75 5
463.15 850.82 5
547.47 971.79 5
501.01 860.52 5
503.59 861.61 5
540.88 897.5 5
545.57 980.17 5
390.41 1007.9 5
507.19 862.79 5
462.95 1037.79 5
496.55 856.71 5
545.35 904.41 5
433.57 1035.08 5
553.15 929.89 5
550.76 918.07 5
538.02 890.1 5
536.84 885.14 5
490.95 851.46 5
552.94 916.47 5
379.16 1000.16 5
485.63 849.18 5
410.93 1029.19 5
389.98 873.7 5
412.78 1030.23 5
554.45 966.99 5
539.96 886.86 5
482.98 847.22 5
556.87 961.73 5
543.08 889.91 5
558.57 937.46 5
493.72 849.69 5
361.96 971.85 5
441.43 843.92 5
551 901.03 5
473.99 1044.24 5
500.94 850.09 5
477.58 1044.33 5
561.14 952.43 5
479.91 843.18 5
403.93 1030.26 5
496.65 847.9 5
561.81 947.85 5
536.27 1012.15 5
562.63 946.91 5
562.8 955.29 5
559.29 908.88 5
558.25 902.29 5
539.86 872.45 5
372.67 1007.95 5
522.88 856.7 5
500.22 843.75 5
567.1 946.79 5
566.45 928.12 5
566.75 929.96 5
534.69 1022.33 5
547.31 1008.09 5
358.28 900.86 5
352.37 912.42 5
399.6 849.66 5
478.49 834.03 5
407.26 844.96 5
477.78 833.72 5
567.89 967.74 5
382.98 861.85 5
458.63 831.69 5
497.22 838.25 5
425.95 835.85 5
491.56 835.31 5
565.59 905 5
507.58 841.05 5
553.83 881.05 5
452.19 1057.33 5
431.92 1054.61 5
363.22 880.46 5
428.18 832.6 5
408.83 839.04 5
453.11 1060.4 5
573.47 971.19 5
571.7 977.84 5
574.44 968.47 5
424.02 830.75 5
538.88 856.49 5
560.37 1004.37 5
451.62 824.97 5
469.42 824.95 5
563.31 1001.76 5
403.1 1049.86 5
510.73 835.07 5
418.81 1057.04 5
417.67 1056.97 5
528.9 844.82 5
472.84 823.18 5
437.4 824.27 5
580.57 934.6 5
568.18 999.55 5
444.17 821.5 5
354.69 1009.44 5
565.95 881.92 5
